3.14159265201422455149327106482814997434616088867188
4.084173
Média: 4.0841730000
3.14159265201422455149327106482814997434616088867188
3.14159265201422455149327106482814997434616088867188
5.120929
5.136316
Média: 5.1286225000
3.14159265201422455149327106482814997434616088867188
3.14159265201422455149327106482814997434616088867188
3.14159265201422455149327106482814997434616088867188
4.772728
6.324513
6.462172
Média: 5.8531376667

3.14159265201422455149327106482814997434616088867188
3.14159265201422455149327106482814997434616088867188
3.14159265201422455149327106482814997434616088867188
3.14159265201422455149327106482814997434616088867188
7.923291
8.277887
8.359882
8.501067
Média: 8.2655317500
3.14159265201422455149327106482814997434616088867188
3.14159265201422455149327106482814997434616088867188
3.14159265201422455149327106482814997434616088867188
3.14159265201422455149327106482814997434616088867188
3.14159265201422455149327106482814997434616088867188
10.145688
10.378277
10.437906
10.529827
10.645456
Média: 10.4274308000
3.14159265201422455149327106482814997434616088867188
3.14159265201422455149327106482814997434616088867188
3.14159265201422455149327106482814997434616088867188
3.14159265201422455149327106482814997434616088867188
3.14159265201422455149327106482814997434616088867188
3.14159265201422455149327106482814997434616088867188
12.107014
12.147616
12.185031
12.341991
12.582793
12.633233
Média: 12.3329463333
3.14159265201422455149327106482814997434616088867188
3.14159265201422455149327106482814997434616088867188
3.14159265201422455149327106482814997434616088867188
3.14159265201422455149327106482814997434616088867188
3.14159265201422455149327106482814997434616088867188
3.14159265201422455149327106482814997434616088867188
3.14159265201422455149327106482814997434616088867188
13.387035
13.925405
14.327138
14.370962
14.492578
14.674955
14.772534
Média: 14.2786581429
3.14159265201422455149327106482814997434616088867188
3.14159265201422455149327106482814997434616088867188
3.14159265201422455149327106482814997434616088867188
3.14159265201422455149327106482814997434616088867188
3.14159265201422455149327106482814997434616088867188
3.14159265201422455149327106482814997434616088867188
3.14159265201422455149327106482814997434616088867188
3.14159265201422455149327106482814997434616088867188
15.861211
16.230397
16.243718
16.471894
16.545043
16.644166
16.728985
16.838443
Média: 16.4454821250
3.14159265201422455149327106482814997434616088867188
3.14159265201422455149327106482814997434616088867188
3.14159265201422455149327106482814997434616088867188
3.14159265201422455149327106482814997434616088867188
3.14159265201422455149327106482814997434616088867188
3.14159265201422455149327106482814997434616088867188
3.14159265201422455149327106482814997434616088867188
3.14159265201422455149327106482814997434616088867188
3.14159265201422455149327106482814997434616088867188
17.992780
18.071517
18.394755
18.479524
18.662997
18.646342
18.625096
18.800432
18.799345
Média: 18.4969764444
3.14159265201422455149327106482814997434616088867188
3.14159265201422455149327106482814997434616088867188
3.14159265201422455149327106482814997434616088867188
3.14159265201422455149327106482814997434616088867188
3.14159265201422455149327106482814997434616088867188
3.14159265201422455149327106482814997434616088867188
3.14159265201422455149327106482814997434616088867188
3.14159265201422455149327106482814997434616088867188
3.14159265201422455149327106482814997434616088867188
3.14159265201422455149327106482814997434616088867188
20.334467
20.502084
20.736677
20.798334
20.829374
20.819663
20.862436
20.908481
20.927920
20.958468
Média: 20.7677904000
3.14159265201422455149327106482814997434616088867188
3.14159265201422455149327106482814997434616088867188
3.14159265201422455149327106482814997434616088867188
3.14159265201422455149327106482814997434616088867188
3.14159265201422455149327106482814997434616088867188
3.14159265201422455149327106482814997434616088867188
3.14159265201422455149327106482814997434616088867188
3.14159265201422455149327106482814997434616088867188
3.14159265201422455149327106482814997434616088867188
3.14159265201422455149327106482814997434616088867188
3.14159265201422455149327106482814997434616088867188
22.254636
22.313787
22.493439
22.505500
22.602642
22.679393
22.719474
22.895908
22.920083
23.013662
23.129600
Média: 22.6843749091
